14.15	21.05	25.92	44.11	52.56	57.32	66.11	69.20	77.53	80.98	82.40	82.65	92.75	92.90	101.07	112.38
13.91	22.36	25.80	37.46	52.08	57.55	66.47	69.80	78.00	81.34	85.14	90.62	92.52	94.89	97.51	105.60	
12.25	20.81	27.59	36.02	51.50	55.89	63.38	72.18	80.28	85.02	84.19	88.10	95.84	96.79	97.63	108.09	
11.77	20.57	24.02	31.51	49.35	55.29	60.88	72.42	74.56	82.30	89.30	90.96	94.17	93.94	102.16	103.57	
0.00	19.15	24.61	31.63	50.77	54.93	54.82	73.13	78.24	82.40	91.32	93.35	95.49	95.25	95.01	96.56
0.00	21.05	24.63	30.32	51.26	51.49	57.44	74.79	75.98	81.21	82.40	93.82	92.64	95.01	95.48	97.87
0.00	17.60	24.38	29.70	36.65	55.53	58.86	73.61	73.27	78.72	79.67	81.41	82.16	83.59	93.34	96.20
0.00	18.43	24.97	28.54	32.70	56.00	60.41	66.35	71.58	74.91	78.48	81.10	81.21	83.32	82.06	85.37	
0.00	14.51	22.47	26.28	32.95	54.70	54.82	57.91	60.40	62.00	69.80	75.27	80.74	81.45	82.28	83.48	
0.00	17.25	24.38	28.42	33.06	47.21	57.67	57.67	58.50	61.24	60.17	62.31	62.78	69.44	68.14	83.59
0.00	0.00	22.71	29.49	28.30	53.99	56.84	54.58	58.16	60.64	61.24	57.31	60.06	62.02	65.52	63.85	
0.00	0.00	23.31	23.90	27.11	33.89	43.28	57.31	58.50	54.22	58.03	59.45	59.81	62.55	60.76	60.05
0.00	0.00	18.55	27.95	26.75	31.87	41.62	45.90	55.17	55.78	57.08	56.72	58.15	61.60	57.79	62.31
0.00	0.00	18.79	24.85	28.30	33.53	33.65	46.25	55.05	55.29	57.32	57.79	51.96	56.48	59.34	61.71
0.00	0.00	19.15	24.49	28.42	33.06	33.29	36.98	47.32	51.97	48.16	46.61	49.82	51.96	55.90	57.91
0.00	0.00	19.27	23.78	26.87	29.02	33.65	36.03	41.39	46.15	46.38	46.26	47.21	48.16	51.85	54.46
0.00	0.00	17.12	24.14	28.54	28.78	31.87	34.72	36.39	38.54	38.77	40.55	42.33	47.09	49.35	47.92	
0.00	0.00	16.88	23.19	25.80	27.35	31.75	32.58	36.16	38.06	38.88	40.90	41.38	41.51	43.06	47.44
0.00	0.00	17.60	18.90	24.38	28.54	30.68	34.96	36.98	35.91	39.00	39.60	41.75	41.04	41.38	43.52
